  ID       SDSS.g               SDSS.g_err           SDSS.r               SDSS.r_err            SDSS.i               SDSS.i_err            SDSS.z              SDSS.z_err           Euclid.VIS           Euclid.VIS_err        Euclid.Y            Euclid.Y_err         Euclid.J            Euclid.J_err         Euclid.H            Euclid.H_err         redshift       
  500000   3.65763318948936     0.3368804713302488   7.634842178470742    0.7031949619787781    11.386757459823297   1.0487591350088437    15.70363025030223   1.4463578183618615   10.519616151009938   0.968892467771018     20.931491271186207  1.9278616197341105   24.705856325798973  2.2754934933249893   29.812616994932384  2.745843539943147    0.045151
  600000   8.928943905685161    0.8223861375909357   17.55497345095201    1.6168728311360159    25.35127828860087    2.3349390538203414    33.35799943180043   3.0723853347328096   23.291628773378594   2.1452383201718512    42.73660495153635   3.936186838117079    49.113403070748646  4.523511658482128    57.49099674552404   5.295116562407899    0.030486
  700000   6.804560254065141    0.6267231695545097   9.567534089564882    0.8812024679847181    12.450882051328655   1.1467686333288436    13.65211349709497   1.257406139787759    11.365803101903527   1.046829167292912     15.8489374930805    1.4597411102063007   17.362015653093337  1.5991007609141379   19.337485181186167  1.7810482311073879   0.027244
  800000   4.218907880721663    0.3885757815848225   7.184558249090134    0.6617222788245241    9.289667784470398    0.8556100351251253    11.407750449867152  1.0506926608749494   8.74983713742923     0.8058897943595031    13.842037691090917  1.2748988047641792   15.819757760806013  1.4570535575041414   18.31470753182869   1.6868469269493584   0.024272
  1200000  1.276438539727909    0.11756433589986795  1.8281004088317927   0.1683742725038684    2.2019117627765876   0.20280357106431315   2.5870212007493163  0.23827346163474852  2.132062700974916    0.196370234629883     3.0116186126168643  0.277380329061089    3.3511976493579976  0.3086567146428799   3.6982833570574867  0.3406244901808422   0.016529
  1300000  1.6173346693931772   0.14896203022479454  3.259869011481517    0.30024503611202275   4.479194022067979    0.41254902150113026   5.921068084571543   0.5453505323718458   4.199523317130894    0.38679039727188613   7.741049061386841   0.7129769775395803   8.978420068737679   0.8269430606789699   10.432777934874565  0.9608943723728169   0.016365
  1400000  4.906817050565005    0.4519345585215493   10.232929922807548   0.9424876899605358    14.073427724141263   1.2962106147125148    18.810489651127618  1.7325101483206216   13.219041048188314   1.217518692591834     24.705856325798973  2.2754934933249893   29.107177316690123  2.680870143489882    34.609871089327974  3.1876869771295246   0.02364 
  1600000  20.137236130988338   1.8547080168098964   41.99523317130893    3.8679039727188607    56.182361629053865   5.174586812157756     77.83949818542827   7.169282833546807    53.90138943935668    4.964501506566012     102.42362955751567  9.433565044150269    116.62726181602251  10.741767939836299   134.89631195684376  12.424409665606245   0.012643
  1900000  1.2427969449576939   0.11446583046879888  2.212075558846651    0.20373969129102884   2.841843007238358    0.26174341770413734   3.64753985372128    0.33595084073726966  2.70894422960666     0.2495029877516656    4.724981372471885   0.4351868734019221   5.530952280299851   0.509419538418137    6.438725290701939   0.593028523726975    0.010557
  2000000  3.17687273122936     0.29260079609081174  2.681635898452737    0.24698779746500363   2.7925442336976816   0.25720283279417133   3.3978185269686962  0.3129506562192124   2.8602241562220625   0.2634363841150437    3.944573575117757   0.36330865790509587  4.215022342081939   0.38821791024548646  4.566672195741152   0.4206060591676771   0.007148
  2100000  0.4528974844292155   0.041713400473626684 0.8574330624952308   0.07897250469445202   1.1890497959603017   0.10951553503214072   1.4387996903936584  0.13251835073087273  1.077456889177417    0.09923744833329952   1.7619762940373664  0.1622840163725936   2.030486815997936   0.18701474974824858  2.39001051022913    0.22012810619827186  0.032789
  2200000  1.8984528295627856   0.17485397000967262  3.473760445691705    0.3199451655228373    4.5793089201260395   0.4217699445127371    5.802296662054742   0.5344112799304029   4.309232713414582    0.3968950062402244    7.277798812477166   0.6703100522051857   8.386874777049036   0.7724597250481816   9.64717036653143    0.8885372402622035   0.02253 
  2300000  2.034230286398779    0.1873595361190281   3.302175304041252    0.3041415897136015    4.3491064696159      0.4005675149601824    5.114461294037856   0.47105930039319466  4.006822836982807    0.3690420268873436    6.014508379371032   0.5539567016956986   6.823389578528406   0.6284574144531625   7.848740262751364   0.7228957038837237   0.033313
  2500000  3.3573760244692785   0.30922576402856583  5.845209471509592    0.5383636958032678    7.783949818542822    0.7169282833546802    9.281112166725888   0.8548220335981888   7.171336943061793    0.6605045515195477    11.035700650773485  1.0164256075145504   12.393674138354777  1.1414995897457305   14.034604054702037  1.2926348225589877   0.037436
  3000000  3.13040046419148     0.28832054205426855  6.344537645678696    0.5843535209027181    8.48789449327771     0.7817639848942911    11.096860308839283  1.0220586202766855   8.009401824933835    0.7376931808281632    14.229836845998594  1.3106164274230574   16.428578057832688  1.5131279799495485   19.08974021608889   1.758230076227478    0.022333
  3400000  4.361141154266211    0.401675950395687    9.718519214725422    0.8951087121302773    13.893123986212162   1.2796040264983912    19.444636102947573  1.7909171958603822   13.025668868202247   1.1997084563650138    26.717752765327095  2.460796006098422    31.739496761997618  2.9233157276931383   38.15926142604026   3.51459791314211     0.022327
  3800000  5.039645388233706    0.46416850071357446  10.665961961792455   0.982371415265068     14.983035999708358   1.3799886341922971    19.84266247505154   1.8275767800476563   13.893123986212162   1.2796040264983912    25.989626219987283  2.3937330719345984   30.90294889631239   2.846266820740909    36.880778460741666  3.3968452786857246   0.029021
  4200000  4.499869516594223    0.41445330494896265  6.643547660067646    0.6118933613846109    7.805489273153665    0.7189121404681679    9.506048604546374   0.8755394454507676   7.627810625487998    0.702547332005981     11.313580787689046  1.042019314331963    12.635721250710755  1.1637929529864528   14.41451041372901   1.3276254918415553   0.014734
  4400000  3.5156048993612816   0.32379918219002857  5.89929577246221     0.5433452282898459    8.27942512786007     0.7625632464819145    9.763378890336087   0.8992404410053515   7.447317907446777    0.6859233380800365    12.257447440217264  1.128952646982797    14.073427724141263  1.2962106147125148   16.504410668350378  1.520112421595259    0.042803
  4700000  1.2705748194677746   0.1170242672974014   1.7963875000486327   0.16545340561956073   2.0137236130988327   0.18547080168098956   2.2019117627765876  0.20280357106431315  1.931967570347514    0.17794079175672886   3.0478961675825142  0.28072161540184515  3.391562748940828   0.3123744777613447   3.7983931541955815  0.34984494338035105  0.013112
  5000000  0.8693606558557861   0.08007107665751441  1.88799128276236     0.17389042592682188   2.6717752765327094   0.24607960060984221   3.480167838353689   0.3205353082047689   2.4683124355177752   0.2273399801426319    4.491588680124692   0.4136906117131071   5.25291059523602    0.48381095246618255  6.1489338358454635  0.5663377439680684   0.031746
  5200000  1.0577906386611695   0.09742611969535671  1.7076540888276157   0.1572807563006578    2.16570875342096     0.19946915062807472   2.4254934706853453  0.22339620767904153  2.004471182248017    0.1846186212942492    3.022733481732979   0.2784040463538374   3.42294521426273    0.31526490967768006  3.8940371049648554  0.3586540769226728   0.049254
  5400000  0.708598017372818    0.06526429024162517  0.8986688761885714   0.08277046354735666   1.1220188485194043   0.10334175652627714   1.3753070150318654  0.12667045913163735  1.0675784799877048   0.09832761321003286   1.7619762940373664  0.1622840163725936   2.032356796717715   0.18718698133999698  2.331309972091723   0.2147215867550716   0.013281
  5700000  0.1194537277116117   0.011002095073197065 0.22100402180775436  0.020355222947567104  0.32568667304735743  0.029996851580814752  0.37635684830486993 0.03466374725865068  0.28340033554013044  0.02610213590752073   0.462167765863247   0.04256722495986407  0.5291760237814775  0.04873891368343011  0.6188710810424032  0.05700013387710208  0.032237
  6200000  0.9718519214725422   0.08951087121302773  1.1137805296531904   0.10258297930646346   1.2022635897946619   0.11073257043847173   1.4494395375815914  0.13349831688654212  1.1923400900535532   0.10981858232188398   2.4099061060563582  0.22196055832029796  2.8106065163334364  0.25886643052866226  3.3296612732202426  0.3066731410672461   0.023423
  6400000  1.1934381779417633   0.10991971995547864  1.3122004522636914   0.12085812981702329   1.4547889303248986   0.13399101417337628   1.753880563463758   0.16153837202005517  1.4441098150475673   0.13300743129296183   2.0492733111762096  0.18874504992391594  2.2511269051832663  0.20733645326206626  2.459234063487807   0.22650383116597794  0.007962
  6500000  0.2823577504047483   0.026006110266453514 0.37325039384811     0.034377632225419216  0.4541507253976998   0.041828828234225145  0.5440009653995266  0.050104341286745645 0.43974415260861727  0.04050193382464187   0.6240217650324289  0.05747452941113737  0.6950242687499119  0.06401410177358982  0.7870459003054523  0.07248960738199581  0.021587
  6900000  3.557950280536812    0.3276993359862224   3.933688419747344    0.3623060980305231    4.377236656174548    0.403158400928113     5.6702222574005265  0.5222467775362233   4.425884345633994    0.4076390187771963    7.297937664967543   0.6721649090941991   8.14329076486771    0.7500248081002593   9.366991214905644   0.8627317863616222   0.033181
  7100000  7.0859801737281805   0.6526429024162517   13.893123986212162   1.2796040264983912    19.64264977145984    1.809154928985162     26.013561416001707  2.3959375849890763   18.23055717281769    1.6790963923447133    34.19795746823813   3.1497483300232876   40.290250394044044  3.710869253309192    47.4679139588722    4.371956508236153    0.005735
  7200000  2.124222910264985    0.19564816321028813  4.651574931825769    0.42842589026271555   6.546363810710839    0.6029423979388807    8.574323093550776   0.789724353276794    6.058985348954998    0.5580531820425645    11.178921000636896  1.029616689415468    13.158303684621197  1.211924574590979    15.545338713240788  1.431778628801223    0.030192
  7500000  0.3067607381783245   0.028253708534823438 0.44381314871492805  0.04087670222134004   0.5325987544907239   0.04905415883646538   0.6528293211962554  0.06012780342621086  0.5119171466956268   0.04714931233575535   0.8782129836830944  0.08088640619340202  1.0242353959206953  0.09433556758026339  1.1879557458422854  0.10941476929092989  0.008197
  7700000  4.554074342876875    0.41944575402202666  8.024168214168116    0.7390532155575572    10.53901045161769    0.970678748896374     14.427798157574644  1.3288493382957314   10.111141453616682   0.9312705572470893    19.60650259652826   1.8058256510894997   23.72466248501027   2.185122199532847    29.160840239235913  2.685812681383549    0.026458
  8000000  3.2508733165093138   0.29941650197391195  4.369181493507158    0.4024164930178747    4.821696211037557    0.44409463935676385   5.460091691821119   0.502893036932408    4.698939930382407    0.43278836791196956   6.817105358865206   0.6278786164238342   7.543968542508523   0.6948251906735478   8.30232835071253    0.7646727112942118   0.007956
  9200000  0.6321202644697133   0.05822042878544861  0.774105586086804    0.07129776037949517   0.886339175219514    0.08163485610433775   1.0009213035843532  0.09218826028945208  0.8685607531676319   0.07999740289619299   1.1035710344167564  0.10164265003091519  1.1978427559618436  0.11032539658912234  1.277614078244322   0.11767260700004663  0.014664
  9400000  2.823579984184478    0.26006133109359747  3.6982833570574867   0.3406244901808422    4.176381572949789    0.38465896383303355   4.884271759263531   0.44985806042388776  4.09637612295394     0.37729018946248133   5.311290341059178   0.48918792584491305  5.759703957617878   0.5304883468196817   6.143276173894185   0.5658166540374949   0.004297
  10100000 3.379091660675396    0.31122584806689296  5.733239917447523    0.528050918607495     7.599762464028457    0.6999640008289812    9.602844632780394   0.8844546892505225   7.171336943061793    0.6605045515195477    11.803203453606141  1.0871152290732526   13.867557314255029  1.2772492489542637   16.20316439289652   1.4923666138546132   0.016049
  10300000 4.37320529956672     0.40278709925739103  4.647290914576715    0.42803131768660396   5.335806705796407    0.4914459665176944    6.315386477432365   0.5816685990448152   5.214346168664921    0.4802590374635558    7.331617747625882   0.6752669593908192   8.038961827189611   0.7404157576904534   8.863391752195142   0.8163485610433777   0.015948
  11400000 5.410032129821997    0.4982823808148643   8.464471923368047    0.779606686449601     10.754741107280992   0.990548276865739     12.682355438486386  1.1680881204742979   10.129782677214951   0.9329874774155752    14.361506932744105  1.3227436907611054   15.951449025403615  1.4691827713944796   17.635989894779847  1.6243347214810215   0.01842 
  12800000 0.1846716795708104   0.017008890512569062 0.2521157843399461   0.02322072221520218   0.29268488779213764  0.026957274784687138  0.3179804064313948  0.029287078184936175 0.2784838133840834   0.025649307475737508  0.3538343965966442  0.032589352765298236 0.3812411742931738  0.03511361031375383  0.4164856737263002  0.03835974872231522  0.042003
  14300000 3.4514364232380594   0.31788904703950166  5.571858272380635    0.5131871195774522    7.620792242285391    0.7019009150147789    9.727469503598579   0.895933064212054    7.112132137944505    0.6550515873704248    12.280045662141598  1.1310340201710576   14.3747458163331    1.3239630370192712   16.919978653504955  1.5583876480753045   0.01941 
  15400000 1.7139579699209373   0.1578613652146491   2.8681388614585988   0.26416535541762987   3.922833302251797    0.3613063047465072    4.703271559299995   0.4331873256848753   3.5875683681778354   0.33042726271028017   5.445024424023893   0.5015052902628474   6.103796584731653   0.5621804494439844   6.937452578162292   0.6389630051144748   0.036925
  15500000 0.1441451041372901   0.013276254918415553 0.2694016417655549   0.02481280854403921   0.38335400614664905  0.03530820932184619   0.510034780248766   0.046975939976368154 0.356779884122464    0.03286064219608287   0.6286374771434995  0.057899652213492324 0.7318125816937379  0.067402430663314    0.8693606558557861  0.08007107665751441  0.059892
  15700000 0.7406278981636685   0.06821435132716004  1.7378005234641947   0.16005734558207646   2.7441006689304785   0.25274101552430694   3.694877304284882   0.3403107811225615   2.45244989603223     0.22587898624260355   4.99344058893633    0.45991288136668396  5.937452642569522   0.5468596059543905   7.1911748817617065  0.6623316932238202   0.03296 
  16100000 0.9972408238622397   0.09184927557467261  2.0230187522097682   0.1863269156439125    2.9160840239235917   0.2685812681383549    3.7948982354018193  0.34952304945892476  2.674238202047951    0.24630644443628444   4.99344058893633    0.45991288136668396  5.759703957617878   0.5304883468196817   6.823389578528406   0.6284574144531625   0.05415 
  16700000 1.17381611394638     0.10811246104656659  1.639834554379598    0.15103434624622697   2.1047474738660594   0.1938544092022903    2.427727233539847   0.22360194484410964  1.9480501966650285   0.1794220564033975    2.9160840239235917  0.2685812681383549   3.2960985114619006  0.30358189642500416  3.7497294954729115  0.3453628547077479   0.033066
  16900000 0.28920120871624705  0.02663641607954913  0.42033945682875534  0.038714695268538164  0.4984251463610625   0.04590665316343675   0.5712158266789662  0.05261092267969416  0.47555385551337626  0.04380012939751056   0.6798293375872727  0.06261459687336902  0.74885842340118    0.06897241072723223  0.8188413546007617  0.07541807698904752  0.020392
  17400000 4.604687369269906    0.42410738609484666  7.372249443673423    0.6790092769514695    10.452012137771163   0.9626659079538281    12.717449577797895  1.1713204102036683   9.444958254244145    0.8699128161696564    15.346163896987004  1.4134339500156345   17.55497345095201   1.6168728311360159   20.47387765494642   1.8857138474618664   0.050683
  17700000 0.32003711583076255  0.029476508123903098 0.3457802638973802   0.031847539718631517  0.4126672231246596   0.03800805641972773   0.48707977601817215 0.04486170592282438  0.3904812538701014   0.03596465310611185   0.7251031307590748  0.06678446738593243  0.845667629624062   0.07788886826463357  1.0139111719961105  0.09338467140187466  0.047523
  18200000 0.8105874888026458   0.07465786784386691  1.2799706526822476   0.11788965553013285   1.710802374492926    0.15757072413063586   2.228435697337554   0.2052465157538211   1.6128730081825673   0.14855109603492953   2.849706848847371   0.26246770429343325  3.363565790230417   0.3097958625318899   3.9957659031237496  0.36802364562904505  0.033322
  18500000 0.34229482208644807  0.031526518659593904 0.4664442498792468   0.04296110369956006   0.5877603519147646   0.05413472978954518   0.6115049739230211  0.05632169032913302  0.5440009653995266   0.050104341286745645  0.7433613060783842  0.06846610750361136  0.8448895269969582  0.07781720236316611  0.9718519214725422  0.08951087121302773  0.04885 
  19500000 1.2111563927753817   0.11155162787381018  1.6749426406322585   0.15426792053636798   2.1047474738660594   0.1938544092022903    2.5538772075630085  0.2352207870039366   1.984266247505154    0.18275767800476564   3.247879320375421   0.2991407447351475   3.6982833570574867  0.3406244901808422   4.289433135437946   0.3950713976891875   0.029982
  19900000 0.3076095950119898   0.028331891139639805 0.5613061867965736   0.05169821110328824   0.7733919693766026   0.07123203385055492   1.0092534534329598  0.0929556796622473   0.7217721423987382   0.06647767201562291   1.228004566214159   0.1131034020171057   1.4034604054702036  0.12926348225589876  1.6443722431849903  0.1514522828364524   0.05089 
  20300000 0.9664956198202173   0.08901753759214757  1.648921040155366    0.15187124252649714   2.3442279916832374   0.21591138034649796   3.1564566492072688  0.2907204054179353   2.1837352355324184   0.20112945101237387   4.134280296085992   0.38078129287514795  4.9249307841576675  0.45360289506436663  5.9979111840242245  0.5524280434892771   0.058713
  20800000 1.0824312690752846   0.09969560566011537  2.2824439216394      0.21022085711500496   3.3853214620776098   0.31179963398908506   4.600446534626679   0.4237167907837724   3.1332861646633354   0.28858632489380265   5.845209471509592   0.5383636958032678   6.835969397672961   0.6296160586318201   8.150797503469189   0.7507162042865926   0.053236
  21300000 0.7663026538274196   0.07057908374870202  1.6580593314324443   0.1527129102698405    2.45470848445825     0.22608700992734188   3.218104732057172   0.29639840376581805  2.2407836803776675   0.2063838070378364    3.9994458113805833  0.36836257770992636  4.613176718098072   0.4248892840289363   5.400076376394758   0.4973654220239572   0.050546
  21600000 0.45793129424393847  0.04217703149814925  0.6160270206823046   0.05673818623364923   0.7461048020803112   0.06871879282724569   0.9246976541150704  0.08516780262477616  0.7251031307590748   0.06678446738593243   1.0636528956952247  0.09796605352971895  1.2133882536170546  0.11175718985702023  1.37911271313075    0.12702097688529757  0.012149
  21900000 9.638293961259004    0.8877196931116347   15.41700019612648    1.4199582143705105    23.099359068426153   2.127529625649657     26.181841120868643  2.4114367188152332   20.044711822480167   1.8461862129424917    33.082632999896504  3.0470231487063657   38.58335544828993   3.553658416670556    45.45693756558904   4.186738734854723    0.035268
  27300000 0.9410228273768688   0.08667140667090809  1.7045115967611342   0.15699132208085959   2.4865654747012895   0.2290211472047151    3.548135138960761   0.326795328025606    2.3420710568604304   0.21571271930475547   4.604687369269906   0.42410738609484666  5.262595029124785   0.4847029218037282   6.385574357207414   0.5881331417682998   0.058414
  27500000 9.70063481428973     0.8934614979521175   18.130096511329903   1.6698436233438723    26.061543740959028   2.4003569205018866    33.082632999896504  3.0470231487063657   23.72466248501027    2.185122199532847     41.3047632600735    3.804309342780362    47.1628627633127    4.343860254397673    55.00473610916955   5.0661234918529265   0.03708 
  27600000 5.855985886540176    0.5393562403222715   12.977772285359324   1.1952970179928992    17.73372823924473    1.6333367558143126    22.761454571189216  2.096407470858164    16.428578057832688   1.5131279799495485    29.376508905216625  2.705676499892067    34.10358729784996   3.1410565159914055   39.77406607203383   3.6633269195968383   0.028234
  28700000 1.9915895053506687   0.1834321749887058   2.4865654747012895   0.2290211472047151    3.0874514952669347   0.28436479577111845   3.904812538701014   0.3596465310611185   2.995022893950431    0.2758518068619582    4.450408609404623   0.4098977869778508   5.048936639569571   0.4650242565991752   5.743809901829001   0.5290244501608006   0.01515 
  28800000 6.047835366347512    0.5570262306776962   11.06623822858518    1.0192382224142758    14.996847828114575   1.381260750619059     18.31470753182869   1.6868469269493584   13.778437852593648   1.2690410430752659    23.507148516452624  2.1650884223735676   27.01468826177744   2.4881447764142446   30.959922560746296  2.8515142892358525   0.009104
  29000000 0.6109423254190124   0.05626986848604378  0.8814541717700642   0.08118493065275624   1.0794442712877412   0.09942049299287972   1.2416512605920862  0.1143603090375655   1.0195302498010181   0.09390220760118471   1.4873050581679672  0.1369858602681365   1.6550081055847308  0.1524318819795607   1.814679345841511   0.16713814690250642  0.016102
  29300000 0.34450879805383827  0.03173043338498286  0.35579534057225426  0.032769962382646976  0.37844261130999746  0.03485585313363828   0.41763815729497894 0.038465896383303354 0.37462793523325744  0.03450450847764674   0.6171632898849778  0.056842840496316833 0.6950242687499119  0.06401410177358982  0.798730668400923   0.07356581431130148  0.020431
  29500000 0.36914743884259127  0.03399973609847082  0.4558268426359971   0.041983204339206076  0.5395107741593286   0.0496907793840082    0.5680676060409515  0.052320960838951436 0.5025742767601487   0.046288802201364186  0.8241376517201306  0.07590588398812147  0.9488546866439949  0.08739274757761337  1.1107089739672695  0.10230007856885981  0.051273
  29800000 1.6687837224411155   0.15370066319927936  3.1564566492072688   0.2907204054179353    4.305267768822111    0.39652982134225584   5.365372939539304   0.4941691173211674   4.003132624872045    0.3687021457864299    6.576581146344954   0.6057255174435968   7.571817438239147   0.6973901687983962   8.782129836830945   0.8088640619340203   0.055383
  29900000 13.905931099839048   1.2807836052728303   27.874052842130595   2.567295180480408     40.290250394044044   3.710869253309192     55.15694315628873   5.080142279171634    37.53186112700704    3.45681220924528      74.74810013055203   6.884554546197272    92.21467364027487   8.49328544173613     114.18266468898119  10.51661222035716    0.016287
  30200000 3.090294889631239    0.28462668207409086  5.691149136383892    0.5241742143485438    7.733926486985025    0.7123209641841505    10.57791567789445   0.9742620527123464   7.345141004192084    0.676512497368502     13.995875192687325  1.2890677624920865   16.47403860416795   1.5173150510643785   19.588445358593113  1.8041625179891125   0.029133
  30300000 0.9567534089564882   0.08812024679847182  1.2918143476377362   0.11898050016440677   1.5531021734547352   0.1430459986312925    1.8163521736807782  0.167292220042636    1.4873050581679672   0.1369858602681365    2.07969756393712    0.19154722720058184  2.28875780466609    0.21080238724111702  2.549177462505715   0.23478792448109456  0.028327
  30500000 0.17881352313719637  0.016469334357470375 0.361742983358053    0.03331776053549115   0.5076917757238828   0.04676014128147995   0.6606932158752389  0.06085209490343175  0.46859771970563235  0.0431594456033335    0.8550669532245445  0.07875457797380157  0.9935738776026839  0.09151153733787738  1.1792332914502632  0.10861140154066315  0.036572
  32800000 6.379698961237582    0.5875919977932132   12.089265133718468   1.1134624838779963    16.323000269387496   1.5034039061316413    22.511269051832667  2.073364532620663    15.588341500435305   1.4357393319302938    29.40356325732289   2.7081682978436175   34.641775544516946  3.190625486090041    41.152845698062734  3.790317218025863    0.017387
  33200000 1.8046794382279732   0.16621712136069208  2.9107177316690143   0.2680870143489884    3.773982888897293    0.34759667482717443   4.462723613544755   0.4110320407928816   3.5188426024226214   0.3240973856666554    5.0722420068612015  0.46717076028365895  5.55648258174088    0.5117709661138864   6.126323640404122   0.5642552679781204   0.024078
  33900000 0.9162197819181703   0.0843869617275051   1.5966139542916464   0.147053581807998     2.0777821997073054   0.1913708156330241    2.5165183098000834  0.23177990530947945  1.9462560773039843   0.17925681190110349   2.989508709404015   0.2753439316889264   3.4009477544449207  0.3132388687250808   3.7983931541955815  0.34984494338035105  0.012857
  34700000 6.661931436506968    0.6135865697931265   8.218641439159217    0.7569648617785011    10.111141453616682   0.9312705572470893    15.16351964719101   1.3966117926889112   10.242362955751567   0.9433565044150268    21.10571652302129   1.9439083586811692   25.798822471513066  2.3761593969957655   31.593663690805567  2.9098840052612958   0.015877
  34800000 6.880184708521106    0.6336884393181448   13.576882644871242   1.2504771221299649    18.897316918243465   1.740507235276842     27.491597806420828  2.5320697693968754   18.1467934584151     1.6713814690250635    37.70510430099503   3.4727684954785563   45.91980612381697   4.229370505177637    56.54575128736      5.208056237063045    0.022576
  35000000 5.375264712601021    0.49508018330255094  9.26403269990478     0.8532489565468052    12.246158550533046   1.1279129018031704    16.62647451158805   1.5313549171960903   11.738161139463807   1.0811246104656667    21.281391955256026  1.9600886641810342   25.072626381485314  2.3092742643395607   30.005446138971028  2.7636037607101223   0.02742 
  35200000 5.845209471509592    0.5383636958032678   7.564843929914006    0.6967478849362118    9.003264816719852    0.8292313465667859    10.40398840753948   0.9582427588742604   8.69360655855786     0.800710766575144     11.577103870067548  1.0662906875394178   12.624083977618175  1.1627211205086383   14.060478699369709  1.2950179654384313   0.024516
  35800000 1.0924451934541823   0.10061792219374774  2.2803418316433      0.21002724746855386   3.3235338998818      0.3061087891185043    4.7076030462451355  0.43358627038163516  3.1074212493208764   0.2862040781183404    6.350386237731772   0.5848921961458017   7.648918017567575   0.7044913946891264   9.392902952005615   0.8651183455803837   0.033744
  35900000 1.803017360769116    0.16606403836720435  2.772042672687937    0.25531456921546813   3.7844261130999746   0.3485585313363828    4.587751480434116   0.4225475330648073   3.4962288607742145   0.32201458305896163   5.722689384366094   0.5270791785851574   6.680360216037166   0.6152839231395513   7.755327518904985   0.714292072096466    0.02296 
  36400000 1.6580593314324443   0.1527129102698405   2.9295443649978243   0.26982101138499426   4.055084927061724    0.3734871297204788    5.465124974096564   0.5033566193687667   3.819443781959194    0.35178377787670834   7.008093691369611   0.6454692921803731   8.150797503469189   0.7507162042865926   9.709568632490083   0.8942843330288447   0.045954
  36500000 0.08637737343898264  0.007955650216651676 0.16010320446700768  0.014746050297585654  0.21917946661739696  0.020187175201756523  0.29295443649978237 0.02698210113849942  0.20644275783218063  0.01901408095297024   0.36240958595712536 0.03337915690470904  0.4269728280720753  0.03932565134728867  0.5090966414044719  0.046889534194359386 0.057497
  37400000 3.7983931541955815   0.34984494338035105  5.7969579425415185   0.5339195656844028    7.877707317338351    0.7255636682466772    9.781378967756066   0.9008983094276549   7.297937664967543    0.6721649090941991    11.673466991602995  1.075166059158147    13.464807046994338  1.2401545779377567   15.863533602401438  1.461085461575857    0.032064
  37500000 4.9249307841576675   0.45360289506436663  9.120108393559097    0.8399930378568335    12.989724189586472   1.1963978290695556    17.506530036246193  1.6124110276873163   12.100409394173262   1.1144889082131173    23.120652775773124  2.12949084860335     28.340008661087737  2.6102112980288896   34.93011964719279   3.2171829597847434   0.025761
  37700000 7.385841158410303    0.680261120159778    13.526959198257591   1.2458790027029085    17.04511596761134    1.569913220808596     22.532020639518656  2.0752758245076124   16.550081055847308   1.524318819795607     27.874052842130595  2.567295180480408    32.598690114815156  3.002450361120226    37.77461863657181   3.4791710024879      0.00832 
  38300000 6.7421742493712316   0.620977206092102    13.589386300930748   1.251628751429147     20.83531760845942    1.9190036979167837    29.18769597087143   2.6882861857134226   19.160194012287903   1.7647191107590796    39.84739481166847   3.6700807462083085   48.52883126072453   4.469670604257991    59.813597890780485  5.509036036557083    0.024652
  38700000 4.203394568287554    0.3871469526853817   9.718519214725422    0.8951087121302773    15.805201929835759   1.4557129159078344    24.728630952263693  2.2775911139720932   14.777469346205761   1.3610552454312974    36.475398537212804  3.359508407372697    46.90292756725452   4.319919337737404    59.86873592491737   5.51411443725118     0.016512
  39000000 566.5000084198401    52.17657976023263    1166.272618160225    107.41767939836298    1617.3346693931774   148.96203022479455    2305.685072139717   212.36144621434462   1553.1021734547348   143.04599863129246    2959.374662618177   272.5684833707428    3451.4379390514678  317.88918665107803   4066.3060063037124  374.52062932747543   0.017917
  39200000 0.35059034944256723  0.032290564976128054 0.7365459733899012   0.06783839215616584   1.0734949810654926   0.09887254310552883   1.5038346544143013  0.13850829236722328  1.003691015554517    0.09244336019302882   1.931967570347514   0.17794079175672886  2.2719568049276178  0.20925495795625038  2.7365282503750805  0.25204356999057137  0.049646
  39300000 2.359390547762918    0.21730790339133813  5.701641520855928    0.525140598685955     8.814549460102251    0.8118500196291142    12.635721250710755  1.1637929529864528   8.158303996031576    0.7514075778118877    17.53880563463758   1.6153837202005517   21.93815130640014   2.020578436747557    27.593060026813244  2.5414147853832336   0.022655
  39500000 0.2948492769709218   0.027156622397997886 0.6480371211511811   0.05968642548417648   0.9204497657912902   0.08477655764570456   1.2752640828298258  0.11745616442042046  0.8661639367394859   0.0797766479417798    1.6248001182974656  0.1496496234894214   1.894959222166226   0.17453219687239413  2.2428493044400706  0.20657405804762413  0.045307
  39600000 7.762469802628103    0.7149499007474998   14.242954352008008   1.311824594392842     19.498442572224388   1.7958729548967662    25.21157843399461   2.3220722215202185   18.18024946691837    1.6744628813290083    31.62278771224087   2.912566426805466    35.941825239021995  3.3103644897430424   41.190781670666695  3.7938112502781727   0.015158
  39700000 0.4234478447562602   0.03900098838100887  0.8953643880496319   0.08246610893767352   1.2450871114895699   0.11467676260461288   1.6580593314324443  0.1527129102698405   1.168421769337327    0.107615623539832     2.0286167739861014  0.1868425125112931   2.320598331145425   0.2137350081497924   2.694014051322799   0.24812786749308824  0.045579
  39900000 0.7046926233025602   0.0649045901495275   1.4177512426712955   0.13057971702373775   2.0492733111762096   0.18874504992391594   2.6302670677598234  0.24225655324258108  1.8724061328176562   0.172454980548042     3.2749133517872817  0.3016306710815496   3.847688365589753   0.3543852002044945   4.55826842635997    0.4198320433920607   0.053115
  40300000 2.4254934706853453   0.22339620767904153  5.048936639569571    0.4650242565991752    6.99519712234525     0.6442814742592228    10.318104685069516  0.9503325755927824   6.73596482757243     0.6204052972007786    13.715130235483654  1.2632101959711617   16.277956517341813  1.4992552231901048   19.84266247505154   1.8275767800476563   0.053611
  41100000 10.675784799877041   0.9832761321003279   17.33005016842133    1.5961566309304234    22.387219251355447   2.061939123595702     32.003683472100285  2.9476482232737027   21.958374576330193   2.022441068770214     42.61867215701686   3.925324826169794    50.303712350231564  4.63314319623536     60.25596919279988   5.549779939788143    0.020634
  41300000 3.801894631096935    0.3501674413258174   6.160275617800437    0.5673823607059348    8.158303996031576    0.7514075778118877    10.394415650550002  0.9573610753594092   7.719694211966853    0.711010123192768     12.427969449576938  1.1446583046879888   14.56129999990173   1.3411453125601391   16.951187756366355  1.5612621127187123   0.01405 
  41500000 1.6248001182974656   0.1496496234894214   2.309935906842615    0.2127529625649657    3.0060765138631793   0.27686988289451736   3.708513850913057   0.34156675350071514  2.82618036557557     0.2603008350742555    4.533149794109182   0.4175185318305041   5.238415049168203   0.4824758633146655   6.1489338358454635  0.5663377439680684   0.026018
  41600000 1.2589258541134116   0.11595135792246339  2.620595333756395    0.24136575360771922   3.548135138960761    0.326795328025606     4.85735666461391    0.44737908855827857  3.3759795777416337   0.31093921463176405   6.297959000996212   0.5800634691228812   7.447317907446777   0.6859233380800365   8.83893298764324    0.8140958255437989   0.018091
  41900000 8.456683724305087    0.7788893667963663   17.314104710546957   1.5946879999644392    25.003459766380008   2.30290378356966      36.914743884259124  3.3999736098470814   23.83417306368337    2.1952084967222576    51.14461294037856   4.710593003931947    61.88710810424035   5.700013387710211    75.43968542508524   6.9482519067354795   0.014332
  42700000 7.5787907180022245   0.6980324316092362   14.348280241929917   1.321525467499017     19.373136387011385   1.7843318285595335    28.366133362160692  2.612617471954725    18.845169271147594   1.7357042594117653    39.373146160308046  3.626400830557625    49.20395011061684   4.531851349175009    62.05830528359959   5.715781230871378    0.012915
  42800000 2.2263833479492887   0.20505748738672297  5.152286988889096    0.47454317568897275   7.641873500988973    0.7038425707250087    11.344887305015497  1.0449027511793072   7.21107403175305     0.6641644726964636    15.617080665124954  1.4383863068577163   18.810489651127618  1.7325101483206216   23.14194578520255   2.131452007276461    0.029456
  43100000 0.4261867215701688   0.03925324826169796  0.7231021894437268   0.0666001738773992    1.0529313460232177   0.09697856229706184   1.457471025700863   0.13423804429028466  0.9790387147439097   0.09017279934501446   1.9480501966650285  0.1794220564033975   2.392213696222743   0.2203310271303351   2.9566517285493985  0.2723176918711667   0.032753
  43200000 14.873050581679673   1.369858602681365    23.120652775773124   2.12949084860335      30.06076513863178    2.768698828945172     39.59131666511745   3.6464950769412576   28.813753617363705   2.653844821647166     50.6757501395218    4.667409143451969    60.0896912481329    5.53446517489258     71.31812563813465   6.568642216066207    0.016106
  43400000 14.467722220652377   1.3325264804503067   21.22266538988206    1.9546797475407218    25.18835902154397    2.3199336345692743    32.09224286721417   2.9558048451165977   24.774221446766703   2.2817901537556584    38.65448895575618   3.5602100549243496   44.05548789852992   4.057660448453235    50.815933543651575  4.680320512309738    0.013865
  43500000 7.13838689036241     0.6574697394679667   10.794433231404652   0.9942040566528707    14.282366922225057   1.3154546263132678    15.90743057886735   1.4651285225816202   12.94195977863387    1.1919985641785973    18.65521123198301   1.7182084771800679   20.43620082184437   1.8822436828400768   22.761454571189216  2.096407470858164    0.03015 
  44100000 5.5975773916337905   0.5155559380366405   9.963223829140661    0.917646840359697     14.401247557225535   1.326403937596336     19.60650259652826   1.8058256510894997   13.304542309978489   1.2253936499423894    26.351186268044117  2.4270339835059356   31.477490882668853  2.8991840940527807   38.797149644494624  3.5733495901299603   0.034302
  44400000 0.8090965245794338   0.07452054496203844  1.1609129401529876   0.10692403480369858   1.6687837224411155   0.15370066319927936   2.2929794457930326  0.21119121476398572  1.5516717941535012   0.14291425582707543   3.203318546251748   0.2950365457048124   3.9192238855125923  0.3609738651744296   4.875283530702229   0.4490302139676448   0.036095
  44700000 8.356028127208763    0.7696186435622054   18.74130528829675    1.7261380329247638    29.922645314759908   2.7559775228558365    44.01491358276829   4.053923415812302    27.516940415990923   2.534403910032204     63.445376456786924  5.843535209027178    79.94662609388484   7.363356488880482    101.391117199611    9.338467140187463    0.020059
  45000000 2.642408107441089    0.24337478433858528  4.126672231246595    0.3800805641972772    5.743809901829001    0.5290244501608006    7.291216395011148   0.6715458572446712   5.311290341059178    0.48918792584491305   8.896103543401962   0.8193614284001912   10.204691881360706  0.9398868701901466   12.033718737500372  1.1083464716457088   0.052498
  45900000 5.076917757238827    0.46760141281479944  9.111708936978511    0.8392194193048375    12.29136579001884    1.132076642494631     15.660295666246732  1.4423665556120957   11.492120252012063   1.0584634069394518    19.516416842792868  1.797528446420172    22.7824367876652    2.0983400044419844   26.791685130823765  2.4676054287071874   0.025275
  46000000 7.244359600749906    0.6672301869415057   11.523910694840442   1.0613914149733348    14.454397707459279   1.3312992474140264    17.91430321111259   1.6499683255977724   13.791139244976971   1.2702108845631823    20.989393674048102  1.933194628200712    23.702812495532864  2.1831097411007487   27.491597806420828  2.5320697693968754   0.026255
  48000000 9.754386993142509    0.8984122566555839   14.021678435586976   1.2914443290255657    16.550081055847308   1.524318819795607     19.75149164045821   1.819179635736512    16.084222423513626   1.4814116534660753    22.8875780466609    2.1080238724111697   25.095739107990223  2.3114030251516278   27.77153299170867   2.5578527531670048   0.020848
  48300000 2.6109591636087366   0.24047822952507197  4.12287163998902     0.3797305168010908    5.638971178737904    0.5193684467785913    7.474810013055204   0.6884554546197272   5.291760237814775    0.48738913683430113   9.835578557965052   0.905890276240505    11.651985019551711  1.073187496384128    14.021678435586976  1.2914443290255657   0.030095
  48700000 2.2222862699440586   0.20468013255151288  2.043620082184437    0.18822436828400765   1.8967060544913876   0.17469308607766668   1.8689604575745804  0.1721376221253128   1.9037061571800533   0.1753378193712879    3.5842642819281916  0.3301229451159696   4.062561011258754   0.3741757025317813   4.76869790343973    0.43921331476287956  0.048104
  48800000 5.623415227670979    0.5179356907158796   12.033718737500372   1.1083464716457088    17.298158730030902   1.5932193208613765    23.377610857934123  2.1531575629363418   15.980857626733451   1.4718914037159567    31.07421249320878   2.862040781183406    37.11932474278301   3.4188162035338188   45.123213871055746  4.156001646228255    0.018513
  49400000 1.074483618323098    0.09896359996335531  2.528134297025265    0.23284977728642628   3.9012162762489866   0.35931530304368153   5.541149320727124   0.5103587205633519   3.577668378141925    0.3295154399175939    7.719694211966853   0.711010123192768    9.26403269990478    0.8532489565468052   11.397244115901481  1.0497249917416753   0.040817
  50500000 0.9899204150418982   0.09117504099565212  1.389313618947229    0.12796051504602024   1.829784001402501    0.1685293371124186    2.2803418316433     0.21002724746855386  1.717117877622942    0.15815240347378087   2.8681388614585988  0.26416535541762987  3.379091660675396   0.31122584806689296  3.9994458113805833  0.36836257770992636  0.025883
  51600000 6.6069321587523895   0.6085209490343175   10.646334040033812   0.9805636168362136    13.00169852119418    1.1975007057843288    16.292962043740197  1.500637283266597    12.659016870324075   1.1659385588765725    18.949592221662257  1.7453219687239412   21.478310778369707  1.9782255583165547   24.43429865901251   2.2504821075350607   0.014778
  52600000 0.019733300870208914 0.001817504203855302 0.024705878026605194 0.0022754954920431356 0.030394827475124744 0.0027994671076492336 0.03937311157627043 0.003626397645249999 0.029241507340181945 0.0026932423960595955 0.0731139237613373  0.006734041338071371 0.09602844632780395 0.008844546892505226 0.12302696353141908 0.011331202259398777 0.043133
  52800000 3.30826329998965     0.30470231487063654  7.884969232860916    0.7262325153937974    11.770642539649074   1.0841162580248924    15.878157100872443  1.4624323355793973   10.764655161997938   0.9914613950634402    20.873730266027508  1.9225416344774455   24.121255136975677  2.22164973321341     28.57589940972174   2.6319376392078317   0.037196
  53100000 3.9847394811668453   0.3670080746208307   7.358682740943381    0.6777597374341588    9.594009011816933    0.8836408984736835    12.133893194171229  1.1175728802083567   9.061498277018101    0.8345948465505566    14.791078684885928  1.362308711864794    17.10802374492926   1.5757072413063586   19.971005572913842  1.8393976163808572   0.024254
  53600000 14.282366922225057   1.3154546263132678   23.702812495532864   2.1831097411007487    30.478961675825158   2.807216154018453     39.30069015165227   3.6197273854410374   29.18769597087143    2.6882861857134226    48.039663904539     4.42461662509335     54.852949081432605  5.052143389749529    63.27029725820825   5.827409818677267    0.0207  
  55400000 3.5253331496615377   0.32469518716827145  4.014209943647813    0.36972240456497      4.077558136096209    0.3755569887959038    4.442218792837466   0.40914347698493503  4.10393193767441     0.3779861057264825    4.781893665801819   0.44042868940921565  4.902302265909643   0.45151873148153243  5.011874097177352   0.46161067024347746  0.004465
  56500000 0.6274800826311688   0.05779305223787164  0.9384260499336206   0.08643223462611828   1.1209864738805877   0.1032466713067113    1.3025657426896025  0.11997074025817518  1.0715185522885364   0.09869050728524895   1.4996847828114583  0.13812607506190597  1.6458866309498694  0.15159176310622774  1.786486821640602   0.1645415194254582   0.011849
  56700000 0.2870782801031357   0.026440887125513894 0.26497224076859527  0.0244048456297004    0.2563302707452593   0.023608890763846358  0.3188597497591953  0.029368068699671714 0.26448439613868385  0.02435991347812961   0.6286374771434995  0.057899652213492324 0.7392643162962484  0.06808876079404867  0.8879740384221213  0.08178543257215784  0.02333 
  57000000 0.6456542290346555   0.05946695300627709  1.056817360689973    0.09733647748010826   1.4374733190043394   0.13239618740949957   1.6069409142569036  0.14800472998504907  1.2941948410854875   0.11919975171674436   1.8013583963060305  0.16591124209122718  1.955239793274919   0.18008424273240783  2.1777091602485013  0.2005744289593831   0.059561
  57600000 1.228004566214159    0.1131034020171057   1.638324296108041    0.1508952463168479    1.8984528295627856   0.17485397000967262   2.1125153873051943  0.19456986048049615  1.8096732796263635   0.16667707115797428   2.584638600531087   0.23805401604167617  2.7976926575138488  0.25767702015849814  3.090294889631239   0.28462668207409086  0.026528
  58600000 2.18172405446934     0.2009442143882074   2.8470823198493145   0.262225976235949     3.5416026106146967   0.32619365992107213   3.5514028008085265  0.32709629080847513  3.232956329639204    0.2977662864741824    3.7705104300995056  0.34727684954785587  3.8976233258903044  0.3589843800813196   4.014209943647813   0.36972240456497     0.024321
  60700000 1.2000521912423576   0.11052889310178854  1.7881336607345588   0.16469319891365058   2.4032559062583383   0.2213480522743568    2.8602241562220625  0.2634363841150437   2.2222862699440586   0.20468013255151288   3.232956329639204   0.2977662864741824   3.6542645747934475  0.3365702104463116   4.126672231246595   0.3800805641972772   0.045594
  61100000 1.2811494441048454   0.1179982262340476   1.4736690527722165   0.13572993773933212   1.7930817172767202   0.16514893176977244   2.066330631846431   0.19031608723939306  1.717117877622942    0.15815240347378087   2.5258059305912903  0.23263532680955482  2.836613336216071   0.2612617471954726   3.162278771224087   0.2912566426805466   0.014748
  61300000 9.349753710089987    0.8611441534728068   13.41528392912425    1.2355933301511388    16.2629790956145     1.4978757516495174    18.535324048934225  1.7071664593943618   15.488163468267773   1.4265125940522272    20.931491271186207  1.9278616197341105   22.8875780466609    2.1080238724111697   24.524498960322287  2.2587898624260343   0.014199
  61400000 10.432777934874565   0.9608943723728169   16.292962043740197   1.500637283266597     22.59435055760519    2.0810166222025006    27.92544233697683   2.5720283279417147   20.873730266027508   1.9225416344774455    35.18842602422621   3.2409738566665536   41.45720521789127   3.8183497661743013   49.294664085902205  4.540206415188242    0.024313
  62600000 5.180836321693544    0.47717266645337314  7.385841158410303    0.680261120159778     10.07395300759878    0.9278453747387527    11.770642539649074  1.0841162580248924   9.289667784470398    0.8556100351251253    13.551897932640465  1.2481759450582612   15.459661542062783  1.4238874695970607   17.506530036246193  1.6124110276873163   0.042543
  62900000 1.2450871114895699   0.11467676260461288  1.9426745004950254   0.17892693648139907   2.711439036980145    0.24973276800581273   3.4166461761553073  0.31468474681918085  2.518835902154397    0.23199336345692742   4.157192404456659   0.3828915760739281   4.970497289539992   0.4577997253682312   5.791619048041944   0.5334278353215639   0.026403
  63900000 0.3742832383684608   0.034472760722674356 0.4790713925823682   0.044124106539102786  0.6171632898849778   0.056842840496316833  0.779112530548809   0.07175891701355341  0.5780956005593103   0.05324457328033829   1.1781482735426325  0.10851146769678434  1.3995875192687326  0.12890677624920865  1.6749426406322585  0.15426792053636798  0.028369
  65700000 9.289667784470398    0.8556100351251253   11.770642539649074   1.0841162580248924    14.29552029538017    1.3166660967693022    17.864868216406027  1.6454151942545825   13.842037691090917   1.2748988047641792    22.573561393031877  2.079101869356276    25.989626219987283  2.3937330719345984   29.977811660174318  2.7610585311149967   0.014078
  66400000 1.9301899582108957   0.17777706762601306  2.9080370127399733   0.2678401110075286    3.819443781959194    0.35178377787670834   4.755542732241381   0.43800167870094064  3.57108461239664     0.3289090526741237    5.992387215186304   0.5519192671496814   6.773295425658984   0.6238435723986789   7.855975475542435   0.7235620916183481   0.035461
  66600000 0.890431206947364    0.0820117461602181   1.3134089257819068   0.12096943434301469   1.5761587056037427   0.14516958375183409   1.8501198367411107  0.17040233679249903  1.5024496496162154   0.13838072870925053   2.1438785548017694  0.19745851500140804  2.3659193649826444  0.21790922968849957  2.565665639581251   0.23630654173351476  0.008093
  69900000 0.6661931436506967   0.061358656979312635 0.9523582624817916   0.08771543884227323   1.182496421679632    0.10891194694604735   1.4387996903936584  0.13251835073087273  1.1220188485194043   0.10334175652627714   1.768479154596096   0.16288295197289243  2.010017879882925   0.18512949103344115  2.3420710568604304  0.21571271930475547  0.051726
  70600000 0.97095771610537     0.08942851185385944  1.6657127611482183   0.15341781720729716   2.249053657598748    0.20714550009993293   2.739050867194773   0.25227591158940793  2.073958583366514    0.191018647548271     3.224037732811648   0.2969448533377199   3.557950280536812   0.3276993359862224   4.017906837979075   0.37006290112114537  0.04316 
